NAME	= C_LONG_30m
DESCRIPTION	= 
UNIT	= 
DATAFORMAT	= FLOAT
DATAFILE_OFFSET	= 0
BYTEORDER_BIG	= FALSE
TOPTOBOTTOM	= FALSE
POSITION_XMIN	= 666460.5267999999923632
POSITION_YMIN	= 611918.6689999999944121
CELLCOUNT_X	= 408
CELLCOUNT_Y	= 345
CELLSIZE	= 30.0000000000000000
Z_FACTOR	= 1.000000
Z_OFFSET	= 0.000000
NODATA_VALUE	= -99999.000000;-99999.000000
