NAME	= flow_accumulation
DESCRIPTION	= 
UNIT	= 
DATAFORMAT	= FLOAT
DATAFILE_OFFSET	= 0
BYTEORDER_BIG	= FALSE
TOPTOBOTTOM	= FALSE
POSITION_XMIN	= 630730.5267999999923632
POSITION_YMIN	= 587528.6689999999944121
CELLCOUNT_X	= 3808
CELLCOUNT_Y	= 2440
CELLSIZE	= 30.0000000000000000
Z_FACTOR	= 1.000000
Z_OFFSET	= 0.000000
NODATA_VALUE	= 0.000000;0.000000
